1.000000,-0.864563,0.949943,0.095332,-0.921983,0.891151,-0.553060,0.265607,0.845233,-0.541538,-0.005329,0.735849,-0.090493,0.318148,-0.462232,0.366852,-0.382403,-0.422773,0.296730,-0.609007,-0.032762,0.331733,-0.351350,-0.251237,0.091369,-0.577274,-0.864563,1.000000,-0.938271,0.025616,0.858311,-0.863491,0.682792,-0.107618,-0.793692,0.597575,0.068752,-0.595274,0.279445,-0.313476,0.431500,-0.353242,0.277019,0.412004,-0.307747,0.493476,-0.027123,-0.331993,0.381232,0.244805,-0.100046,0.493342,0.949943,-0.938271,1.000000,0.057393,-0.896657,0.908896,-0.634531,0.237848,0.833189,-0.613870,-0.084672,0.683048,-0.172652,0.346016,-0.481113,0.391733,-0.303370,-0.433896,0.335185,-0.563118,0.035814,0.365687,-0.391301,-0.255003,0.145750,-0.502978,0.095332,0.025616,0.057393,1.000000,0.044018,0.321849,0.559291,-0.063839,0.322714,0.272462,0.629412,0.441750,0.286422,-0.377201,0.323209,-0.386651,-0.360010,0.370324,-0.410868,0.007236,-0.271563,-0.450533,0.231627,-0.060065,-0.369247,0.031552,-0.921983,0.858311,-0.896657,0.044018,1.000000,-0.856559,0.539514,-0.354040,-0.887641,0.626807,0.200408,-0.502702,0.353347,-0.151860,0.261183,-0.200884,0.239413,0.256786,-0.144403,0.355297,0.111716,-0.199053,0.190858,0.129089,-0.018625,0.382648,0.891151,-0.863491,0.908896,0.321849,-0.856559,1.000000,-0.312560,0.248898,0.937598,-0.559717,-0.003964,0.615039,-0.270473,0.071165,-0.213044,0.114129,-0.471264,-0.196208,0.043191,-0.427661,-0.054617,0.079540,-0.240399,-0.314887,-0.156734,-0.442895,-0.553060,0.682792,-0.634531,0.559291,0.539514,-0.312560,1.000000,-0.030832,-0.267918,0.412504,0.219134,-0.336361,0.158725,-0.640931,0.704046,-0.680675,-0.050997,0.669204,-0.675862,0.516508,-0.223189,-0.678237,0.565125,0.162563,-0.464482,0.480743,0.265607,-0.107618,0.237848,-0.063839,-0.354040,0.248898,-0.030832,1.000000,0.368145,-0.213043,-0.552884,-0.109549,-0.317260,-0.081280,0.027299,-0.084902,-0.173441,-0.009803,-0.129988,-0.080505,-0.125497,-0.030084,0.104319,0.011444,-0.106838,-0.032780,0.845233,-0.793692,0.833189,0.322714,-0.887641,0.937598,-0.267918,0.368145,1.000000,-0.447830,-0.018112,0.498042,-0.397749,-0.100730,-0.049770,-0.055487,-0.424785,-0.025873,-0.119171,-0.289430,-0.266035,-0.076344,-0.051993,-0.161840,-0.241438,-0.339244,-0.541538,0.597575,-0.613870,0.272462,0.626807,-0.559717,0.412504,-0.213043,-0.447830,1.000000,0.614676,-0.152042,0.255947,-0.314295,0.309442,-0.303238,0.014662,0.367715,-0.274844,0.200084,-0.276216,-0.359851,0.253092,0.149895,-0.224552,0.078635,-0.005329,0.068752,-0.084672,0.629412,0.200408,-0.003964,0.219134,-0.552884,-0.018112,0.614676,1.000000,0.526809,0.451623,-0.131978,0.093568,-0.113435,-0.175808,0.182952,-0.107187,-0.098353,-0.203573,-0.224572,0.029165,-0.034044,-0.139440,-0.136877,0.735849,-0.595274,0.683048,0.441750,-0.502702,0.615039,-0.336361,-0.109549,0.498042,-0.152042,0.526809,1.000000,0.482194,0.335471,-0.452101,0.358054,-0.342265,-0.356363,0.317217,-0.623927,-0.052011,0.279592,-0.308701,-0.190562,0.169466,-0.510057,-0.090493,0.279445,-0.172652,0.286422,0.353347,-0.270473,0.158725,-0.317260,-0.397749,0.255947,0.451623,0.482194,1.000000,0.352865,-0.307434,0.302348,0.136889,-0.241944,0.328023,-0.245079,0.038479,0.281969,-0.027557,0.179505,0.436542,-0.041891,0.318148,-0.313476,0.346016,-0.377201,-0.151860,0.071165,-0.640931,-0.081280,-0.100730,-0.314295,-0.131978,0.335471,0.352865,1.000000,-0.947943,0.991108,0.159145,-0.969490,0.990462,-0.627990,0.666165,0.992625,-0.765090,-0.252487,0.786424,-0.475723,-0.462232,0.431500,-0.481113,0.323209,0.261183,-0.213044,0.704046,0.027299,-0.049770,0.309442,0.093568,-0.452101,-0.307434,-0.947943,1.000000,-0.961904,0.089641,0.965834,-0.934415,0.821783,-0.564889,-0.940072,0.811608,0.364338,-0.643395,0.667387,0.366852,-0.353242,0.391733,-0.386651,-0.200884,0.114129,-0.680675,-0.084902,-0.055487,-0.303238,-0.113435,0.358054,0.302348,0.991108,-0.961904,1.000000,0.092663,-0.976645,0.991134,-0.668873,0.680094,0.987958,-0.821231,-0.331344,0.728699,-0.554787,-0.382403,0.277019,-0.303370,-0.360010,0.239413,-0.471264,-0.050997,-0.173441,-0.424785,0.014662,-0.175808,-0.342265,0.136889,0.159145,0.089641,0.092663,1.000000,0.047978,0.205505,0.600101,-0.025925,0.190768,0.338031,0.727344,0.660552,0.699197,-0.422773,0.412004,-0.433896,0.370324,0.256786,-0.196208,0.669204,-0.009803,-0.025873,0.367715,0.182952,-0.356363,-0.241944,-0.969490,0.965834,-0.976645,0.047978,1.000000,-0.949737,0.739671,-0.680831,-0.967274,0.846387,0.415951,-0.634693,0.635884,0.296730,-0.307747,0.335185,-0.410868,-0.144403,0.043191,-0.675862,-0.129988,-0.119171,-0.274844,-0.107187,0.317217,0.328023,0.990462,-0.934415,0.991134,0.205505,-0.949737,1.000000,-0.583811,0.657311,0.988695,-0.770852,-0.244491,0.785006,-0.468828,-0.609007,0.493476,-0.563118,0.007236,0.355297,-0.427661,0.516508,-0.080505,-0.289430,0.200084,-0.098353,-0.623927,-0.245079,-0.627990,0.821783,-0.668873,0.600101,0.739671,-0.583811,1.000000,-0.335293,-0.597267,0.725457,0.565222,-0.184734,0.874290,-0.032762,-0.027123,0.035814,-0.271563,0.111716,-0.054617,-0.223189,-0.125497,-0.266035,-0.276216,-0.203573,-0.052011,0.038479,0.666165,-0.564889,0.680094,-0.025925,-0.680831,0.657311,-0.335293,1.000000,0.655394,-0.814095,-0.649267,0.325136,-0.321047,0.331733,-0.331993,0.365687,-0.450533,-0.199053,0.079540,-0.678237,-0.030084,-0.076344,-0.359851,-0.224572,0.279592,0.281969,0.992625,-0.940072,0.987958,0.190768,-0.967274,0.988695,-0.597267,0.655394,1.000000,-0.753323,-0.232949,0.788303,-0.463027,-0.351350,0.381232,-0.391301,0.231627,0.190858,-0.240399,0.565125,0.104319,-0.051993,0.253092,0.029165,-0.308701,-0.027557,-0.765090,0.811608,-0.821231,0.338031,0.846387,-0.770852,0.725457,-0.814095,-0.753323,1.000000,0.795472,-0.251978,0.756016,-0.251237,0.244805,-0.255003,-0.060065,0.129089,-0.314887,0.162563,0.011444,-0.161840,0.149895,-0.034044,-0.190562,0.179505,-0.252487,0.364338,-0.331344,0.727344,0.415951,-0.244491,0.565222,-0.649267,-0.232949,0.795472,1.000000,0.358098,0.724775,0.091369,-0.100046,0.145750,-0.369247,-0.018625,-0.156734,-0.464482,-0.106838,-0.241438,-0.224552,-0.139440,0.169466,0.436542,0.786424,-0.643395,0.728699,0.660552,-0.634693,0.785006,-0.184734,0.325136,0.788303,-0.251978,0.358098,1.000000,0.096968,-0.577274,0.493342,-0.502978,0.031552,0.382648,-0.442895,0.480743,-0.032780,-0.339244,0.078635,-0.136877,-0.510057,-0.041891,-0.475723,0.667387,-0.554787,0.699197,0.635884,-0.468828,0.874290,-0.321047,-0.463027,0.756016,0.724775,0.096968,1.000000
1.000000,-0.886036,0.943242,0.148317,-0.936753,0.946046,-0.799175,0.255850,0.812942,-0.629455,-0.177579,0.882275,-0.282171,0.191184,-0.293960,0.274006,-0.336120,-0.277317,0.249015,-0.203333,0.579890,0.184201,-0.289511,-0.324616,0.092476,-0.425044,-0.886036,1.000000,-0.957678,-0.010993,0.903285,-0.954907,0.873932,-0.177307,-0.724224,0.652467,0.283256,-0.801842,0.435137,-0.284438,0.370892,-0.347654,0.346562,0.398667,-0.339106,0.225425,-0.667104,-0.296528,0.390353,0.465199,-0.101469,0.515592,0.943242,-0.957678,1.000000,-0.021279,-0.926379,0.954236,-0.897985,0.186494,0.697712,-0.635910,-0.252549,0.850314,-0.350095,0.347627,-0.444671,0.421595,-0.303494,-0.435922,0.400503,-0.334036,0.687949,0.353341,-0.413546,-0.406963,0.209395,-0.532927,0.148317,-0.010993,-0.021279,1.000000,0.061264,0.122674,0.061419,-0.253401,0.488459,-0.027439,0.612774,0.329401,0.105246,-0.446118,0.319078,-0.360451,-0.344267,0.368230,-0.351806,0.267186,-0.289137,-0.499395,0.352842,0.106314,-0.396059,-0.044495,-0.936753,0.903285,-0.926379,0.061264,1.000000,-0.936765,0.769947,-0.267048,-0.714636,0.722930,0.402392,-0.756099,0.405946,-0.251137,0.289719,-0.299806,0.257577,0.318693,-0.270502,0.174717,-0.669661,-0.264143,0.332148,0.358134,-0.117844,0.361588,0.946046,-0.954907,0.954236,0.122674,-0.936765,1.000000,-0.780867,0.255731,0.832682,-0.712839,-0.275059,0.802590,-0.477936,0.150993,-0.244077,0.228898,-0.430484,-0.270090,0.207755,-0.103582,0.696534,0.157410,-0.281472,-0.445766,-0.019298,-0.444274,-0.799175,0.873932,-0.897985,0.061419,0.769947,-0.780867,1.000000,0.117021,-0.466959,0.398117,0.035646,-0.849424,0.207216,-0.543384,0.673013,-0.627324,0.274328,0.649836,-0.624322,0.569089,-0.603171,-0.514505,0.624927,0.473329,-0.390430,0.724977,0.255850,-0.177307,0.186494,-0.253401,-0.267048,0.255731,0.117021,1.000000,0.402481,-0.235392,-0.560611,-0.083586,-0.351817,-0.437896,0.497240,-0.493957,0.058278,0.497971,-0.513981,0.496736,-0.041240,-0.352697,0.490625,0.252142,-0.350838,0.556426,0.812942,-0.724224,0.697712,0.488459,-0.714636,0.832682,-0.466959,0.402481,1.000000,-0.527960,-0.052337,0.667484,-0.452947,-0.285268,0.204512,-0.222925,-0.441218,0.191342,-0.239426,0.270831,0.304539,-0.285424,0.177853,-0.139314,-0.346601,-0.092735,-0.629455,0.652467,-0.635910,-0.027439,0.722930,-0.712839,0.398117,-0.235392,-0.527960,1.000000,0.614803,-0.387122,0.462855,0.010016,0.018862,-0.034257,0.226438,0.043054,-0.006462,-0.115014,-0.575025,-0.062685,0.085172,0.289632,0.139109,0.158218,-0.177579,0.283256,-0.252549,0.612774,0.402392,-0.275059,0.035646,-0.560611,-0.052337,0.614803,1.000000,0.207118,0.433198,-0.060746,-0.095607,0.025759,-0.233356,-0.017127,0.055731,-0.166813,-0.388800,-0.184056,-0.031142,0.012626,-0.004798,-0.252649,0.882275,-0.801842,0.850314,0.329401,-0.756099,0.802590,-0.849424,-0.083586,0.667484,-0.387122,0.207118,1.000000,0.030919,0.320660,-0.492847,0.435171,-0.336264,-0.432406,0.431208,-0.429315,0.413997,0.275714,-0.432301,-0.348360,0.235629,-0.633539,-0.282171,0.435137,-0.350095,0.105246,0.405946,-0.477936,0.207216,-0.351817,-0.452947,0.462855,0.433198,0.030919,1.000000,0.324749,-0.324385,0.312732,0.482314,-0.216457,0.329005,-0.478586,-0.470779,0.305291,-0.164677,0.328651,0.503068,-0.072225,0.191184,-0.284438,0.347627,-0.446118,-0.251137,0.150993,-0.543384,-0.437896,-0.285268,0.010016,-0.060746,0.320660,0.324749,1.000000,-0.938451,0.979432,0.342446,-0.950963,0.973899,-0.938765,0.447237,0.985266,-0.842042,-0.234690,0.920557,-0.639223,-0.293960,0.370892,-0.444671,0.319078,0.289719,-0.244077,0.673013,0.497240,0.204512,0.018862,-0.095607,-0.492847,-0.324385,-0.938451,1.000000,-0.984861,-0.080877,0.974251,-0.989179,0.949319,-0.499111,-0.898067,0.921669,0.430322,-0.810415,0.825976,0.274006,-0.347654,0.421595,-0.360451,-0.299806,0.228898,-0.627324,-0.493957,-0.222925,-0.034257,0.025759,0.435171,0.312732,0.979432,-0.984861,1.000000,0.176502,-0.981911,0.997254,-0.951542,0.516703,0.946601,-0.907985,-0.368462,0.862527,-0.766505,-0.336120,0.346562,-0.303494,-0.344267,0.257577,-0.430484,0.274328,0.058278,-0.441218,0.226438,-0.233356,-0.336264,0.482314,0.342446,-0.080877,0.176502,1.000000,-0.047676,0.163563,-0.311243,-0.445113,0.431548,0.161653,0.768890,0.623125,0.445890,-0.277317,0.398667,-0.435922,0.368230,0.318693,-0.270090,0.649836,0.497971,0.191342,0.043054,-0.017127,-0.432406,-0.216457,-0.950963,0.974251,-0.981911,-0.047676,1.000000,-0.985940,0.893853,-0.589562,-0.908279,0.957137,0.509260,-0.770645,0.828406,0.249015,-0.339106,0.400503,-0.351806,-0.270502,0.207755,-0.624322,-0.513981,-0.239426,-0.006462,0.055731,0.431208,0.329005,0.973899,-0.989179,0.997254,0.163563,-0.985940,1.000000,-0.948874,0.493189,0.939069,-0.917629,-0.386194,0.850403,-0.780968,-0.203333,0.225425,-0.334036,0.267186,0.174717,-0.103582,0.569089,0.496736,0.270831,-0.115014,-0.166813,-0.429315,-0.478586,-0.938765,0.949319,-0.951542,-0.311243,0.893853,-0.948874,1.000000,-0.278438,-0.904667,0.776338,0.142585,-0.925787,0.673339,0.579890,-0.667104,0.687949,-0.289137,-0.669661,0.696534,-0.603171,-0.041240,0.304539,-0.575025,-0.388800,0.413997,-0.470779,0.447237,-0.499111,0.516703,-0.445113,-0.589562,0.493189,-0.278438,1.000000,0.438378,-0.649377,-0.759339,0.140517,-0.633078,0.184201,-0.296528,0.353341,-0.499395,-0.264143,0.157410,-0.514505,-0.352697,-0.285424,-0.062685,-0.184056,0.275714,0.305291,0.985266,-0.898067,0.946601,0.431548,-0.908279,0.939069,-0.904667,0.438378,1.000000,-0.779926,-0.164314,0.926420,-0.557788,-0.289511,0.390353,-0.413546,0.352842,0.332148,-0.281472,0.624927,0.490625,0.177853,0.085172,-0.031142,-0.432301,-0.164677,-0.842042,0.921669,-0.907985,0.161653,0.957137,-0.917629,0.776338,-0.649377,-0.779926,1.000000,0.693112,-0.597542,0.874019,-0.324616,0.465199,-0.406963,0.106314,0.358134,-0.445766,0.473329,0.252142,-0.139314,0.289632,0.012626,-0.348360,0.328651,-0.234690,0.430322,-0.368462,0.768890,0.509260,-0.386194,0.142585,-0.759339,-0.164314,0.693112,1.000000,0.145937,0.760174,0.092476,-0.101469,0.209395,-0.396059,-0.117844,-0.019298,-0.390430,-0.350838,-0.346601,0.139109,-0.004798,0.235629,0.503068,0.920557,-0.810415,0.862527,0.623125,-0.770645,0.850403,-0.925787,0.140517,0.926420,-0.597542,0.145937,1.000000,-0.376750,-0.425044,0.515592,-0.532927,-0.044495,0.361588,-0.444274,0.724977,0.556426,-0.092735,0.158218,-0.252649,-0.633539,-0.072225,-0.639223,0.825976,-0.766505,0.445890,0.828406,-0.780968,0.673339,-0.633078,-0.557788,0.874019,0.760174,-0.376750,1.000000
1.000000,-0.874889,0.954368,0.078317,-0.954585,0.920865,-0.783508,-0.266066,0.901901,-0.918820,-0.057616,0.918938,-0.542008,0.280302,-0.497234,0.389070,-0.049294,-0.333384,0.447050,-0.461166,-0.188306,0.491340,-0.160353,0.096800,0.187430,-0.684378,-0.874889,1.000000,-0.963726,0.206837,0.816901,-0.964878,0.899335,0.216665,-0.918486,0.813378,0.189959,-0.768956,0.782667,-0.211620,0.404584,-0.309884,0.028855,0.241547,-0.359184,0.331596,0.047267,-0.416379,0.115075,0.027745,-0.084596,0.619152,0.954368,-0.963726,1.000000,-0.141300,-0.876174,0.953247,-0.902392,-0.181166,0.927896,-0.899200,-0.223314,0.853728,-0.644431,0.343256,-0.539315,0.444378,0.044078,-0.385867,0.497956,-0.477194,-0.203114,0.547587,-0.228823,0.121059,0.230470,-0.717516,0.078317,0.206837,-0.141300,1.000000,-0.167841,0.028118,0.503531,-0.351467,0.079323,0.121901,0.752877,0.121460,0.042735,-0.542478,0.439981,-0.507142,-0.552973,0.505289,-0.477735,0.368890,0.429523,-0.466663,0.575239,-0.400545,-0.497419,0.285386,-0.954585,0.816901,-0.876174,-0.167841,1.000000,-0.895299,0.682040,0.316399,-0.888025,0.825422,-0.042042,-0.863533,0.574295,-0.112108,0.334113,-0.218023,0.173459,0.165487,-0.279660,0.299164,0.074125,-0.320336,-0.002026,0.014372,-0.033818,0.546375,0.920865,-0.964878,0.953247,0.028118,-0.895299,1.000000,-0.785393,-0.330559,0.964815,-0.781793,0.007530,0.838276,-0.756939,0.106256,-0.334190,0.216468,-0.155776,-0.148550,0.277707,-0.273775,0.012748,0.335713,0.003613,-0.090883,-0.009058,-0.587921,-0.783508,0.899335,-0.902392,0.503531,0.682040,-0.785393,1.000000,-0.029428,-0.747772,0.863195,0.521939,-0.670443,0.579601,-0.503452,0.636770,-0.580661,-0.221691,0.525720,-0.611269,0.570032,0.320236,-0.649704,0.420787,-0.230104,-0.385630,0.732088,-0.266066,0.216665,-0.181166,-0.351467,0.316399,-0.330559,-0.029428,1.000000,-0.140834,0.110842,-0.728446,-0.552697,-0.018683,0.076902,0.133987,-0.024783,0.312432,-0.063801,-0.059306,0.155691,-0.124292,-0.102909,-0.113816,0.249286,0.139260,0.339523,0.901901,-0.918486,0.927896,0.079323,-0.888025,0.964815,-0.747772,-0.140834,1.000000,-0.750859,-0.084339,0.744401,-0.786942,0.041346,-0.242046,0.136478,-0.173630,-0.086709,0.195869,-0.182603,0.066714,0.249412,0.069721,-0.107571,-0.060519,-0.484172,-0.918820,0.813378,-0.899200,0.121901,0.825422,-0.781793,0.863195,0.110842,-0.750859,1.000000,0.310130,-0.822099,0.430656,-0.496627,0.638297,-0.577168,-0.191166,0.534098,-0.610730,0.609325,0.359466,-0.644761,0.402725,-0.279396,-0.409953,0.718976,-0.057616,0.189959,-0.223314,0.752877,-0.042042,0.007530,0.521939,-0.728446,-0.084339,0.310130,1.000000,0.165711,0.089359,-0.576014,0.397488,-0.503399,-0.673005,0.555169,-0.470908,0.334033,0.488944,-0.448974,0.589361,-0.555405,-0.572971,0.167454,0.918938,-0.768956,0.853728,0.121460,-0.863533,0.838276,-0.670443,-0.552697,0.744401,-0.822099,0.165711,1.000000,-0.309194,0.354448,-0.623083,0.490275,-0.094676,-0.406915,0.549960,-0.613945,-0.247724,0.597526,-0.237695,0.095239,0.250838,-0.827275,-0.542008,0.782667,-0.644431,0.042735,0.574295,-0.756939,0.579601,-0.018683,-0.786942,0.430656,0.089359,-0.309194,1.000000,0.340530,-0.220970,0.288606,0.308762,-0.327472,0.251810,-0.297235,-0.439685,0.200607,-0.393696,0.420567,0.430925,0.031358,0.280302,-0.211620,0.343256,-0.542478,-0.112108,0.106256,-0.503452,0.076902,0.041346,-0.496627,-0.576014,0.354448,0.340530,1.000000,-0.927621,0.982313,0.805203,-0.996322,0.965983,-0.902907,-0.917124,0.945682,-0.987122,0.867011,0.984330,-0.686329,-0.497234,0.404584,-0.539315,0.439981,0.334113,-0.334190,0.636770,0.133987,-0.242046,0.638297,0.397488,-0.623083,-0.220970,-0.927621,1.000000,-0.980584,-0.538358,0.946423,-0.991367,0.988912,0.802171,-0.995348,0.869958,-0.675206,-0.865688,0.904714,0.389070,-0.309884,0.444378,-0.507142,-0.218023,0.216468,-0.580661,-0.024783,0.136478,-0.577168,-0.503399,0.490275,0.288606,0.982313,-0.980584,1.000000,0.686315,-0.989077,0.996020,-0.963257,-0.870125,0.988337,-0.947497,0.780923,0.941769,-0.808262,-0.049294,0.028855,0.044078,-0.552973,0.173459,-0.155776,-0.221691,0.312432,-0.173630,-0.191166,-0.673005,-0.094676,0.308762,0.805203,-0.538358,0.686315,1.000000,-0.770052,0.640983,-0.476102,-0.821859,0.595416,-0.853467,0.911930,0.859606,-0.162090,-0.333384,0.241547,-0.385867,0.505289,0.165487,-0.148550,0.525720,-0.063801,-0.086709,0.534098,0.555169,-0.406915,-0.327472,-0.996322,0.946423,-0.989077,-0.770052,1.000000,-0.979466,0.922863,0.922046,-0.960891,0.970997,-0.861413,-0.978749,0.722989,0.447050,-0.359184,0.497956,-0.477735,-0.279660,0.277707,-0.611269,-0.059306,0.195869,-0.610730,-0.470908,0.549960,0.251810,0.965983,-0.991367,0.996020,0.640983,-0.979466,1.000000,-0.971606,-0.860216,0.995889,-0.918215,0.759287,0.920172,-0.845890,-0.461166,0.331596,-0.477194,0.368890,0.299164,-0.273775,0.570032,0.155691,-0.182603,0.609325,0.334033,-0.613945,-0.297235,-0.902907,0.988912,-0.963257,-0.476102,0.922863,-0.971606,1.000000,0.765946,-0.976058,0.849080,-0.627822,-0.841283,0.902952,-0.188306,0.047267,-0.203114,0.429523,0.074125,0.012748,0.320236,-0.124292,0.066714,0.359466,0.488944,-0.247724,-0.439685,-0.917124,0.802171,-0.870125,-0.821859,0.922046,-0.860216,0.765946,1.000000,-0.813580,0.904852,-0.967138,-0.960355,0.503186,0.491340,-0.416379,0.547587,-0.466663,-0.320336,0.335713,-0.649704,-0.102909,0.249412,-0.644761,-0.448974,0.597526,0.200607,0.945682,-0.995348,0.988337,0.595416,-0.960891,0.995889,-0.976058,-0.813580,1.000000,-0.891206,0.704987,0.885907,-0.882346,-0.160353,0.115075,-0.228823,0.575239,-0.002026,0.003613,0.420787,-0.113816,0.069721,0.402725,0.589361,-0.237695,-0.393696,-0.987122,0.869958,-0.947497,-0.853467,0.970997,-0.918215,0.849080,0.904852,-0.891206,1.000000,-0.874259,-0.982546,0.590536,0.096800,0.027745,0.121059,-0.400545,0.014372,-0.090883,-0.230104,0.249286,-0.107571,-0.279396,-0.555405,0.095239,0.420567,0.867011,-0.675206,0.780923,0.911930,-0.861413,0.759287,-0.627822,-0.967138,0.704987,-0.874259,1.000000,0.934504,-0.322579,0.187430,-0.084596,0.230470,-0.497419,-0.033818,-0.009058,-0.385630,0.139260,-0.060519,-0.409953,-0.572971,0.250838,0.430925,0.984330,-0.865688,0.941769,0.859606,-0.978749,0.920172,-0.841283,-0.960355,0.885907,-0.982546,0.934504,1.000000,-0.571488,-0.684378,0.619152,-0.717516,0.285386,0.546375,-0.587921,0.732088,0.339523,-0.484172,0.718976,0.167454,-0.827275,0.031358,-0.686329,0.904714,-0.808262,-0.162090,0.722989,-0.845890,0.902952,0.503186,-0.882346,0.590536,-0.322579,-0.571488,1.000000
1.000000,-0.708094,0.599231,-0.403778,-0.662424,0.675062,-0.506248,-0.182787,0.555375,-0.203616,-0.050198,0.504860,-0.447287,0.399611,-0.526021,0.438442,-0.232712,-0.374129,0.428232,-0.213381,0.134980,0.413683,-0.113435,0.153074,0.255719,-0.345056,-0.708094,1.000000,-0.469052,0.345453,0.398151,-0.834536,0.177971,-0.158522,-0.560280,0.229804,0.151077,-0.229553,0.751988,-0.438039,0.576571,-0.502591,0.594059,0.474128,-0.403133,0.462045,0.367442,-0.120572,0.468492,0.154002,-0.192682,0.396588,0.599231,-0.469052,1.000000,-0.239154,-0.762746,0.732217,-0.748268,-0.388006,0.509908,-0.479129,0.237834,0.617879,-0.522835,-0.097812,0.099974,-0.061553,-0.011791,0.049252,-0.258068,0.153304,0.128983,-0.252536,0.127165,-0.087496,-0.261453,0.216805,-0.403778,0.345453,-0.239154,1.000000,0.602119,-0.202978,0.518934,0.485794,0.153471,0.566241,0.396887,-0.244284,0.173760,-0.443518,0.258218,-0.473641,0.197053,0.396233,-0.376594,0.445517,0.192805,-0.456582,0.059020,-0.519676,-0.598188,0.029252,-0.662424,0.398151,-0.762746,0.602119,1.000000,-0.576122,0.755037,0.508966,-0.366555,0.587186,-0.001365,-0.624258,0.410198,0.029925,-0.071109,-0.023422,0.008567,0.016447,0.089001,-0.044721,-0.136788,-0.007841,-0.185875,-0.270692,-0.083224,-0.260463,0.675062,-0.834536,0.732217,-0.202978,-0.576122,1.000000,-0.362181,-0.019191,0.706036,-0.388256,0.058384,0.495008,-0.817775,0.124973,-0.273668,0.215717,-0.376618,-0.160606,0.034360,-0.166775,-0.132444,-0.152787,-0.163987,-0.135295,-0.065372,-0.037508,-0.506248,0.177971,-0.748268,0.518934,0.755037,-0.362181,1.000000,0.735857,-0.185491,0.583016,-0.103353,-0.651777,0.206442,-0.060825,-0.123054,-0.104756,-0.123425,0.053583,0.102192,0.004412,-0.217418,-0.122674,-0.254294,-0.290775,-0.076070,-0.244651,-0.182787,-0.158522,-0.388006,0.485794,0.508966,-0.019191,0.735857,1.000000,0.404549,0.653733,0.158501,-0.269615,-0.001630,-0.127275,-0.225602,-0.101096,-0.141305,0.098355,0.047872,0.175989,0.000393,-0.252172,-0.252210,-0.543703,-0.401529,-0.367356,0.555375,-0.560280,0.509908,0.153471,-0.366555,0.706036,-0.185491,0.404549,1.000000,0.196498,0.424760,0.576325,-0.433914,-0.126983,-0.217959,-0.002507,-0.091269,0.100960,-0.069382,0.214481,0.298351,-0.211006,-0.004422,-0.343820,-0.444120,-0.164726,-0.203616,0.229804,-0.479129,0.566241,0.587186,-0.388256,0.583016,0.653733,0.196498,1.000000,0.470202,-0.134966,0.517813,-0.079971,-0.187970,-0.065971,0.210301,0.143958,0.111607,0.227369,0.310883,0.079203,-0.006435,-0.294364,-0.322458,-0.412014,-0.050198,0.151077,0.237834,0.396887,-0.001365,0.058384,-0.103353,0.158501,0.424760,0.470202,1.000000,0.602439,0.340606,-0.480954,0.327414,-0.391542,0.546807,0.538108,-0.464789,0.529534,0.594470,-0.263216,0.504667,-0.096659,-0.609750,0.232890,0.504860,-0.229553,0.617879,-0.244284,-0.624258,0.495008,-0.651777,-0.269615,0.576325,-0.134966,0.602439,1.000000,-0.020227,-0.184156,0.099075,-0.038720,0.338684,0.249835,-0.234585,0.234387,0.565432,0.041279,0.524405,0.307443,-0.195417,0.275977,-0.447287,0.751988,-0.522835,0.173760,0.410198,-0.817775,0.206442,-0.001630,-0.433914,0.517813,0.340606,-0.020227,1.000000,-0.184605,0.244347,-0.205277,0.634645,0.311126,-0.088320,0.307109,0.504982,0.264327,0.474812,0.307717,-0.045933,0.084536,0.399611,-0.438039,-0.097812,-0.443518,0.029925,0.124973,-0.060825,-0.127275,-0.126983,-0.079971,-0.480954,-0.184156,-0.184605,1.000000,-0.870040,0.975824,-0.657165,-0.915927,0.936526,-0.868658,-0.519071,0.761451,-0.616862,0.107695,0.727592,-0.773912,-0.526021,0.576571,0.099974,0.258218,-0.071109,-0.273668,-0.123054,-0.225602,-0.217959,-0.187970,0.327414,0.099075,0.244347,-0.870040,1.000000,-0.882200,0.627543,0.785675,-0.919634,0.697667,0.322568,-0.682715,0.575539,-0.005176,-0.539908,0.865600,0.438442,-0.502591,-0.061553,-0.473641,-0.023422,0.215717,-0.104756,-0.101096,-0.002507,-0.065971,-0.391542,-0.038720,-0.205277,0.975824,-0.882200,1.000000,-0.653379,-0.886766,0.914217,-0.885031,-0.478201,0.760640,-0.563789,0.151218,0.709678,-0.744331,-0.232712,0.594059,-0.011791,0.197053,0.008567,-0.376618,-0.123425,-0.141305,-0.091269,0.210301,0.546807,0.338684,0.634645,-0.657165,0.627543,-0.653379,1.000000,0.837934,-0.611224,0.774287,0.795840,-0.217471,0.869337,0.319264,-0.458504,0.602646,-0.374129,0.474128,0.049252,0.396233,0.016447,-0.160606,0.053583,0.098355,0.100960,0.143958,0.538108,0.249835,0.311126,-0.915927,0.785675,-0.886766,0.837934,1.000000,-0.869479,0.878624,0.622095,-0.659284,0.760472,0.034193,-0.709587,0.765549,0.428232,-0.403133,-0.258068,-0.376594,0.089001,0.034360,0.102192,0.047872,-0.069382,0.111607,-0.464789,-0.234585,-0.088320,0.936526,-0.919634,0.914217,-0.611224,-0.869479,1.000000,-0.780520,-0.399655,0.824083,-0.619264,0.119857,0.735956,-0.860002,-0.213381,0.462045,0.153304,0.445517,-0.044721,-0.166775,0.004412,0.175989,0.214481,0.227369,0.529534,0.234387,0.307109,-0.868658,0.697667,-0.885031,0.774287,0.878624,-0.780520,1.000000,0.745499,-0.610195,0.649331,-0.174596,-0.804998,0.552768,0.134980,0.367442,0.128983,0.192805,-0.136788,-0.132444,-0.217418,0.000393,0.298351,0.310883,0.594470,0.565432,0.504982,-0.519071,0.322568,-0.478201,0.795840,0.622095,-0.399655,0.745499,1.000000,-0.007154,0.777164,0.245692,-0.431160,0.315759,0.413683,-0.120572,-0.252536,-0.456582,-0.007841,-0.152787,-0.122674,-0.252172,-0.211006,0.079203,-0.263216,0.041279,0.264327,0.761451,-0.682715,0.760640,-0.217471,-0.659284,0.824083,-0.610195,-0.007154,1.000000,-0.146827,0.544331,0.803262,-0.562536,-0.113435,0.468492,0.127165,0.059020,-0.185875,-0.163987,-0.254294,-0.252210,-0.004422,-0.006435,0.504667,0.524405,0.474812,-0.616862,0.575539,-0.563789,0.869337,0.760472,-0.619264,0.649331,0.777164,-0.146827,1.000000,0.545980,-0.307412,0.735280,0.153074,0.154002,-0.087496,-0.519676,-0.270692,-0.135295,-0.290775,-0.543703,-0.343820,-0.294364,-0.096659,0.307443,0.307717,0.107695,-0.005176,0.151218,0.319264,0.034193,0.119857,-0.174596,0.245692,0.544331,0.545980,1.000000,0.610057,0.340063,0.255719,-0.192682,-0.261453,-0.598188,-0.083224,-0.065372,-0.076070,-0.401529,-0.444120,-0.322458,-0.609750,-0.195417,-0.045933,0.727592,-0.539908,0.709678,-0.458504,-0.709587,0.735956,-0.804998,-0.431160,0.803262,-0.307412,0.610057,1.000000,-0.324498,-0.345056,0.396588,0.216805,0.029252,-0.260463,-0.037508,-0.244651,-0.367356,-0.164726,-0.412014,0.232890,0.275977,0.084536,-0.773912,0.865600,-0.744331,0.602646,0.765549,-0.860002,0.552768,0.315759,-0.562536,0.735280,0.340063,-0.324498,1.000000
1.000000,-0.525395,0.606013,0.092730,-0.611839,0.566130,-0.463034,0.151620,0.694222,0.113054,0.235650,0.346510,-0.489538,0.494100,-0.578503,0.490269,-0.054650,-0.517729,0.458259,-0.374475,-0.300836,0.196677,-0.382195,0.136721,0.507598,-0.142312,-0.525395,1.000000,-0.693607,0.171938,0.656122,-0.760915,0.742965,0.298770,-0.288461,0.620909,-0.065018,-0.665070,0.366107,-0.287961,0.393218,-0.496464,0.108703,0.359756,-0.497182,0.245101,0.311437,-0.215292,0.142805,-0.425058,-0.429617,0.127316,0.606013,-0.693607,1.000000,0.216489,-0.556451,0.863188,-0.683742,0.031815,0.675285,-0.200415,0.293918,0.508644,-0.501543,0.207556,-0.156009,0.208151,0.084472,-0.084901,0.158912,0.111594,-0.505879,-0.084297,0.169190,0.042444,0.243271,0.314236,0.092730,0.171938,0.216489,1.000000,0.529068,0.062840,0.049780,0.152400,0.177763,0.257516,-0.029416,-0.094292,0.195839,-0.372868,0.283184,-0.487167,-0.183301,0.419435,-0.431881,0.309227,-0.238556,-0.588779,0.050833,-0.369967,-0.279449,0.425868,-0.611839,0.656122,-0.556451,0.529068,1.000000,-0.487438,0.598466,-0.083615,-0.549881,0.244162,-0.168687,-0.340932,0.677887,-0.615839,0.624725,-0.754079,-0.120169,0.647702,-0.664758,0.432041,0.365812,-0.490702,0.192678,-0.323073,-0.588837,0.296918,0.566130,-0.760915,0.863188,0.062840,-0.487438,1.000000,-0.612589,-0.155404,0.458255,-0.412208,0.357805,0.693523,-0.333304,0.144899,-0.069875,0.186286,0.043249,-0.066898,0.141075,0.172871,-0.251840,-0.025185,0.213191,0.140888,0.178236,0.254396,-0.463034,0.742965,-0.683742,0.049780,0.598466,-0.612589,1.000000,0.195713,-0.472391,0.452949,-0.191284,-0.422938,0.607362,-0.231135,0.319214,-0.439248,0.305286,0.351225,-0.431725,0.128675,0.366578,-0.178135,-0.016012,-0.541843,-0.528391,-0.089675,0.151620,0.298770,0.031815,0.152400,-0.083615,-0.155404,0.195713,1.000000,0.592014,0.444886,0.089728,-0.305789,-0.333992,0.078284,-0.118166,0.136800,0.000418,-0.253666,-0.025452,-0.016077,-0.141820,0.069719,-0.048821,-0.477472,-0.014050,0.001700,0.694222,-0.288461,0.675285,0.177763,-0.549881,0.458255,-0.472391,0.592014,1.000000,0.328920,0.275441,0.109928,-0.676578,0.490529,-0.427038,0.435511,0.071595,-0.451322,0.329384,-0.149882,-0.423038,0.196147,-0.041422,0.003731,0.454627,0.117120,0.113054,0.620909,-0.200415,0.257516,0.244162,-0.412208,0.452949,0.444886,0.328920,1.000000,0.227908,-0.411843,0.039186,0.149766,0.052128,-0.220274,0.303158,0.089133,-0.230771,0.081266,0.172388,-0.068627,0.007448,-0.315662,-0.093008,0.145433,0.235650,-0.065018,0.293918,-0.029416,-0.168687,0.357805,-0.191284,0.089728,0.275441,0.227908,1.000000,0.540887,-0.106889,-0.181069,0.338616,-0.222714,0.105432,0.240271,-0.288371,0.601698,0.274998,-0.233196,0.381452,-0.141669,-0.173138,0.518028,0.346510,-0.665070,0.508644,-0.094292,-0.340932,0.693523,-0.422938,-0.305789,0.109928,-0.411843,0.540887,1.000000,0.099108,-0.001100,-0.047967,0.116617,0.070066,0.013278,0.129573,0.223997,-0.076867,-0.159599,0.013670,0.146138,0.135842,0.280551,-0.489538,0.366107,-0.501543,0.195839,0.677887,-0.333304,0.607362,-0.333992,-0.676578,0.039186,-0.106889,0.099108,1.000000,-0.473205,0.428622,-0.544087,0.145177,0.543102,-0.443330,0.316385,0.292567,-0.467633,-0.018558,-0.278994,-0.485379,0.179313,0.494100,-0.287961,0.207556,-0.372868,-0.615839,0.144899,-0.231135,0.078284,0.490529,0.149766,-0.181069,-0.001100,-0.473205,1.000000,-0.810032,0.818371,0.308914,-0.746970,0.822203,-0.717249,-0.324077,0.705564,-0.313379,0.511989,0.769134,-0.452950,-0.578503,0.393218,-0.156009,0.283184,0.624725,-0.069875,0.319214,-0.118166,-0.427038,0.052128,0.338616,-0.047967,0.428622,-0.810032,1.000000,-0.900913,0.053906,0.872908,-0.934606,0.882458,0.506500,-0.545447,0.726351,-0.455700,-0.882150,0.515366,0.490269,-0.496464,0.208151,-0.487167,-0.754079,0.186286,-0.439248,0.136800,0.435511,-0.220274,-0.222714,0.116617,-0.544087,0.818371,-0.900913,1.000000,-0.023736,-0.930136,0.959915,-0.797638,-0.406696,0.734176,-0.482273,0.523666,0.838052,-0.531560,-0.054650,0.108703,0.084472,-0.183301,-0.120169,0.043249,0.305286,0.000418,0.071595,0.303158,0.105432,0.070066,0.145177,0.308914,0.053906,-0.023736,1.000000,0.214455,-0.080574,0.078008,0.069674,0.199400,0.343371,-0.275784,-0.177153,-0.071900,-0.517729,0.359756,-0.084901,0.419435,0.647702,-0.066898,0.351225,-0.253666,-0.451322,0.089133,0.240271,0.013278,0.543102,-0.746970,0.872908,-0.930136,0.214455,1.000000,-0.876517,0.820335,0.316402,-0.679424,0.586290,-0.483974,-0.793772,0.570058,0.458259,-0.497182,0.158912,-0.431881,-0.664758,0.141075,-0.431725,-0.025452,0.329384,-0.230771,-0.288371,0.129573,-0.443330,0.822203,-0.934606,0.959915,-0.080574,-0.876517,1.000000,-0.821672,-0.453033,0.640169,-0.587149,0.626184,0.898549,-0.495695,-0.374475,0.245101,0.111594,0.309227,0.432041,0.172871,0.128675,-0.016077,-0.149882,0.081266,0.601698,0.223997,0.316385,-0.717249,0.882458,-0.797638,0.078008,0.820335,-0.821672,1.000000,0.299393,-0.658764,0.704810,-0.442691,-0.692475,0.786884,-0.300836,0.311437,-0.505879,-0.238556,0.365812,-0.251840,0.366578,-0.141820,-0.423038,0.172388,0.274998,-0.076867,0.292567,-0.324077,0.506500,-0.406696,0.069674,0.316402,-0.453033,0.299393,1.000000,0.178591,0.365334,-0.098075,-0.492245,-0.091159,0.196677,-0.215292,-0.084297,-0.588779,-0.490702,-0.025185,-0.178135,0.069719,0.196147,-0.068627,-0.233196,-0.159599,-0.467633,0.705564,-0.545447,0.734176,0.199400,-0.679424,0.640169,-0.658764,0.178591,1.000000,-0.044251,0.449848,0.492729,-0.650728,-0.382195,0.142805,0.169190,0.050833,0.192678,0.213191,-0.016012,-0.048821,-0.041422,0.007448,0.381452,0.013670,-0.018558,-0.313379,0.726351,-0.482273,0.343371,0.586290,-0.587149,0.704810,0.365334,-0.044251,1.000000,-0.149444,-0.509452,0.461843,0.136721,-0.425058,0.042444,-0.369967,-0.323073,0.140888,-0.541843,-0.477472,0.003731,-0.315662,-0.141669,0.146138,-0.278994,0.511989,-0.455700,0.523666,-0.275784,-0.483974,0.626184,-0.442691,-0.098075,0.449848,-0.149444,1.000000,0.718398,-0.193392,0.507598,-0.429617,0.243271,-0.279449,-0.588837,0.178236,-0.528391,-0.014050,0.454627,-0.093008,-0.173138,0.135842,-0.485379,0.769134,-0.882150,0.838052,-0.177153,-0.793772,0.898549,-0.692475,-0.492245,0.492729,-0.509452,0.718398,1.000000,-0.211269,-0.142312,0.127316,0.314236,0.425868,0.296918,0.254396,-0.089675,0.001700,0.117120,0.145433,0.518028,0.280551,0.179313,-0.452950,0.515366,-0.531560,-0.071900,0.570058,-0.495695,0.786884,-0.091159,-0.650728,0.461843,-0.193392,-0.211269,1.000000
1.000000,-0.796281,0.802725,0.094240,-0.472788,0.912131,-0.622834,-0.373202,0.567761,-0.394494,0.500471,0.720344,-0.409624,0.001186,0.146918,-0.140211,0.731546,0.349424,-0.033495,-0.005689,-0.619385,-0.163948,0.263029,-0.292896,-0.290253,0.201599,-0.796281,1.000000,-0.998552,0.347876,0.809103,-0.762807,0.875382,-0.181091,-0.918356,0.284967,-0.534239,-0.767643,0.845984,-0.558367,0.405104,-0.414055,-0.697818,0.134880,-0.516766,0.546610,0.803426,-0.377125,0.127956,-0.153591,-0.188755,0.314477,0.802725,-0.998552,1.000000,-0.331223,-0.796610,0.765915,-0.881219,0.167273,0.917911,-0.284767,0.533840,0.765563,-0.834156,0.540557,-0.384591,0.393697,0.685589,-0.114778,0.498573,-0.524924,-0.803887,0.354177,-0.139783,0.131513,0.169356,-0.288754,0.094240,0.347876,-0.331223,1.000000,0.520581,0.081637,0.252764,-0.716133,-0.428720,0.307865,0.165122,-0.017207,0.469173,-0.879151,0.906959,-0.904121,0.138068,0.863793,-0.929013,0.806973,0.184405,-0.868824,0.699332,-0.865718,-0.905614,0.862947,-0.472788,0.809103,-0.796610,0.520581,1.000000,-0.349350,0.614935,-0.581820,-0.866774,0.136242,-0.646690,-0.752681,0.795366,-0.772305,0.651868,-0.657642,-0.611312,0.392484,-0.695282,0.821365,0.773496,-0.649947,0.109539,-0.344316,-0.382808,0.617504,0.912131,-0.762807,0.765915,0.081637,-0.349350,1.000000,-0.566898,-0.399097,0.476435,-0.511109,0.392297,0.691974,-0.388565,0.022199,0.077883,-0.071671,0.691305,0.208701,0.000527,-0.019985,-0.406907,-0.079860,0.249690,-0.132320,-0.151172,0.114185,-0.622834,0.875382,-0.881219,0.252764,0.614935,-0.566898,1.000000,-0.131357,-0.907615,-0.035594,-0.363549,-0.497169,0.882525,-0.456663,0.285123,-0.296711,-0.519720,-0.008660,-0.442380,0.403033,0.826586,-0.226981,0.343421,-0.000139,-0.067948,0.136703,-0.373202,-0.181091,0.167273,-0.716133,-0.581820,-0.399097,-0.131357,1.000000,0.437276,0.114342,0.086252,0.050240,-0.490470,0.848110,-0.863454,0.863355,-0.177608,-0.803826,0.819621,-0.842506,-0.192594,0.859659,-0.496131,0.727651,0.762013,-0.846560,0.567761,-0.918356,0.917911,-0.428720,-0.866774,0.476435,-0.907615,0.437276,1.000000,-0.000609,0.541388,0.645554,-0.944891,0.688176,-0.531695,0.542326,0.540271,-0.240784,0.639391,-0.670195,-0.846333,0.495387,-0.315389,0.220291,0.279506,-0.415280,-0.394494,0.284967,-0.284767,0.307865,0.136242,-0.511109,-0.035594,0.114342,-0.000609,1.000000,0.221370,-0.243620,-0.120344,-0.168652,0.206486,-0.199177,-0.134316,0.267801,-0.202081,0.129070,-0.118123,-0.203939,0.007817,-0.325176,-0.295882,0.244951,0.500471,-0.534239,0.533840,0.165122,-0.646690,0.392297,-0.363549,0.086252,0.541388,0.221370,1.000000,0.868898,-0.455691,0.168658,-0.050738,0.059776,0.769566,0.145034,0.039384,-0.306622,-0.577507,0.101213,0.460358,-0.198274,-0.198767,-0.068892,0.720344,-0.767643,0.765563,-0.017207,-0.752681,0.691974,-0.497169,0.050240,0.645554,-0.243620,0.868898,1.000000,-0.533533,0.318076,-0.198940,0.205735,0.892472,0.007874,0.211245,-0.425025,-0.617414,0.238058,0.385074,-0.031506,-0.035357,-0.215670,-0.409624,0.845984,-0.834156,0.469173,0.795366,-0.388565,0.882525,-0.490470,-0.944891,-0.120344,-0.455691,-0.533533,1.000000,-0.736751,0.602692,-0.613300,-0.506508,0.326452,-0.700502,0.723615,0.782355,-0.573269,0.330914,-0.316754,-0.367682,0.498283,0.001186,-0.558367,0.540557,-0.879151,-0.772305,0.022199,-0.456663,0.848110,0.688176,-0.168652,0.168658,0.318076,-0.736751,1.000000,-0.976831,0.978868,0.142675,-0.841621,0.988529,-0.979371,-0.416406,0.960453,-0.548290,0.809112,0.850259,-0.933267,0.146918,0.405104,-0.384591,0.906959,0.651868,0.077883,0.285123,-0.863454,-0.531695,0.206486,-0.050738,-0.198940,0.602692,-0.976831,1.000000,-0.999876,-0.004523,0.936515,-0.978455,0.953787,0.215444,-0.993274,0.559385,-0.909643,-0.936785,0.979707,-0.140211,-0.414055,0.393697,-0.904121,-0.657642,-0.071671,-0.296711,0.863355,0.542326,-0.199177,0.059776,0.205735,-0.613300,0.978868,-0.999876,1.000000,0.011082,-0.933160,0.979573,-0.955841,-0.224278,0.992940,-0.560252,0.906260,0.933925,-0.977699,0.731546,-0.697818,0.685589,0.138068,-0.611312,0.691305,-0.519720,-0.177608,0.540271,-0.134316,0.769566,0.892472,-0.506508,0.142675,-0.004523,0.011082,1.000000,0.239860,0.054383,-0.262013,-0.678962,0.038974,0.517967,-0.243781,-0.248254,-0.030441,0.349424,0.134880,-0.114778,0.863793,0.392484,0.208701,-0.008660,-0.803826,-0.240784,0.267801,0.145034,0.007874,0.326452,-0.841621,0.936515,-0.933160,0.239860,1.000000,-0.864373,0.808871,-0.136918,-0.943649,0.541704,-0.987401,-0.989171,0.948916,-0.033495,-0.516766,0.498573,-0.929013,-0.695282,0.000527,-0.442380,0.819621,0.639391,-0.202081,0.039384,0.211245,-0.700502,0.988529,-0.978455,0.979573,0.054383,-0.864373,1.000000,-0.944375,-0.357465,0.952040,-0.632710,0.845259,0.888359,-0.926294,-0.005689,0.546610,-0.524924,0.806973,0.821365,-0.019985,0.403033,-0.842506,-0.670195,0.129070,-0.306622,-0.425025,0.723615,-0.979371,0.953787,-0.955841,-0.262013,0.808871,-0.944375,1.000000,0.437446,-0.956898,0.389366,-0.763408,-0.795388,0.939922,-0.619385,0.803426,-0.803887,0.184405,0.773496,-0.406907,0.826586,-0.192594,-0.846333,-0.118123,-0.577507,-0.617414,0.782355,-0.416406,0.215444,-0.224278,-0.678962,-0.136918,-0.357465,0.437446,1.000000,-0.174254,0.074156,0.171840,0.101254,0.120009,-0.163948,-0.377125,0.354177,-0.868824,-0.649947,-0.079860,-0.226981,0.859659,0.495387,-0.203939,0.101213,0.238058,-0.573269,0.960453,-0.993274,0.992940,0.038974,-0.943649,0.952040,-0.956898,-0.174254,1.000000,-0.473263,0.914658,0.931251,-0.992750,0.263029,0.127956,-0.139783,0.699332,0.109539,0.249690,0.343421,-0.496131,-0.315389,0.007817,0.460358,0.385074,0.330914,-0.548290,0.559385,-0.560252,0.517967,0.541704,-0.632710,0.389366,0.074156,-0.473263,1.000000,-0.532804,-0.613558,0.418583,-0.292896,-0.153591,0.131513,-0.865718,-0.344316,-0.132320,-0.000139,0.727651,0.220291,-0.325176,-0.198274,-0.031506,-0.316754,0.809112,-0.909643,0.906260,-0.243781,-0.987401,0.845259,-0.763408,0.171840,0.914658,-0.532804,1.000000,0.992753,-0.919379,-0.290253,-0.188755,0.169356,-0.905614,-0.382808,-0.151172,-0.067948,0.762013,0.279506,-0.295882,-0.198767,-0.035357,-0.367682,0.850259,-0.936785,0.933925,-0.248254,-0.989171,0.888359,-0.795388,0.101254,0.931251,-0.613558,0.992753,1.000000,-0.928987,0.201599,0.314477,-0.288754,0.862947,0.617504,0.114185,0.136703,-0.846560,-0.415280,0.244951,-0.068892,-0.215670,0.498283,-0.933267,0.979707,-0.977699,-0.030441,0.948916,-0.926294,0.939922,0.120009,-0.992750,0.418583,-0.919379,-0.928987,1.000000
